39537
39166
47061
19678
54933
9003
2469
13385
60483
43784
37063
52099
9261
6935
37916
52742
3806
52345
506
48397
8565
27228
684
16578
54795
20948
52670
2661
12906
2154
8787
30619
47539
12365
17618
32370
4539
43218
43131
6443
38922
61397
57664
24285
59028
1540
17578
13448
53734
63608
55034
28574
50017
13828
3923
59834
55114
12918
25032
21285
51525
50614
52208
6515
16204
44240
16204
61202
17659
38787
20433
571
62438
560
4901
48082
7005
35450
25163
37748
53082
32876
27262
43910
50376
48940
38438
10438
17967
43790
45972
41749
59421
59368
61322
21222
24057
36237
50422
22102
24338
29210
42172
19675
15982
30267
32657
46743
3858
32489
60263
48913
8053
7943
44495
2321
35559
37214
36692
31723
13370
64913
33106
10487
58074
37039
696
62396
30836
28731
63509
28463
25122
15735
45968
14387
62044
49710
255
14326
14770
33010
46236
35244
4365
35972
28464
1257
16844
3473
13309
37643
19532
52999
43670
51263
3302
41073
52372
43764
4075
14134
37771
64562
32716
54155
31366
43922
19012
28809
16014
51156
1031
55477
56988
13374
43657
1306
1124
39130
13041
42424
34656
29375
47327
18997
57887
18462
35075
4636
10791
58344
30590
4207
19422
5329
19018
10095
4458
54741
10580
21318
25678
32939
16900
27940
35104
55308
12255
61552
568
23952
28887
18773
48384
45117
44864
33621
3233
11133
3627
43003
20435
56430
52406
56669
32070
15267
31370
64114
60994
9668
59655
14345
51339
60434
57885
18773
17102
18759
11657
10763
33040
46428
22431
33544
64465
17978
8136
40133
52367
45569
8547
27012
1980
29691
46334
31729
42676
48547
52038
33325
50939
7033
35812
40279
65042
18496
20898
13012
46628
62128
34949
27332
28269
32755
25251
50983
65121
33483
2841
11449
47846
33294
17564
29229
27955
13254
24610
28808
12765
55923
26912
32660
36878
29371
54582
59586
54147
46726
5655
53494
4962
10810
4936
21303
27515
55093
55059
29515
4099
36421
64599
25583
52472
31690
39559
37181
42273
4070
20420
28891
2115
13726
30650
18186
6193
9833
50630
40479
49043
53980
7059
58664
46961
32427
10176
38712
47253
21737
50059
65251
59126
2852
10336
30048
26418
13595
32626
15006
4974
24954
25560
20466
30019
4313
11219
14704
49403
52434
64918
6070
14937
13402
14355
5188
36819
32321
50758
51777
44505
24963
54448
56519
56213
20201
45574
48880
40170
40619
38690
18607
36206
39364
44061
51993
54552
53064
64091
11833
54416
52513
33435
16245
33693
22206
25562
49380
48009
30286
47519
19688
16550
3046
32457
36298
64633
46076
37709
13091
7462
20974
53166
3862
2377
11857
32411
47052
37100
16827
23703
20091
63565
60854
27763
51491
22039
27886
9928
30383
59644
44000
16368
56143
5680
59938
64601
25674
32682
33938
43938
33742
19562
2077
55638
16018
19044
15896
21270
4782
59358
15351
43312
57603
15469
48016
62758
28047
1990
40057
47795
26287
61675
36192
47294
15510
41732
33597
41402
30918
4293
65160
29459
36296
2940
47677
37725
6605
2769
28572
58253
28536
1291
62191
33365
34659
18618
19111
28379
42692
38702
8729
25284
29859
11856
23862
55266
37709
55189
49644
1461
20331
31784
61517
53901
34206
43828
59933
60904
31533
8625
34833
4533
18926
58013
41998
22736
27658
9777
53077
40596
27964
9643
57143
30672
21838
4944
54630
56711
52967
55748
61535
32540
44713
14107
28350
41238
25922
36163
37983
49362
11178
9890
15225
4461
47055
31185
1398
33828
57679
9646
37045
64485
30224
24246
53353
43441
15821
31519
17466
21284
48682
19307
48377
30569
9927
17657
9227
17921
6848
61949
19313
6027
2713
4651
46537
22592
64454
49153
65344
28579
61833
25495
46085
21938
29227
19505
60663
62880
41959
14574
41437
52594
17059
40425
51227
4687
51823
63837
47000
49
63470
29476
64405
29164
34437
23330
23821
53719
31069
61616
11714
23693
24606
26757
24838
23529
52859
6063
61279
53649
36702
25555
7936
13162
9496
62118
15072
43613
38981
5961
52959
21067
58144
43952
55266
31256
59132
4375
19588
55674
35314
42130
44236
14629
39828
26351
48995
36407
29988
14529
34513
3210
64577
57269
44157
2624
2808
2213
59104
41619
5497
52561
10066
5109
51416
35997
61509
44881
59238
29633
2248
30853
45731
13720
44017
3277
8358
38354
19727
4039
4019
36926
29110
58367
52802
41778
64501
18008
3280
46855
28405
3323
39253
3783
18749
43021
52855
57008
61571
34260
8913
34660
60653
27107
47941
61432
19394
31008
52820
10332
3496
57339
19022
61583
304
52781
54531
14992
31095
8517
28088
29850
63737
42568
51667
51681
21417
55270
50677
28997
34875
31667
53448
9788
53413
25228
9813
36920
17426
53262
43766
25239
4826
63524
38886
37620
34205
31088
24937
1950
48672
29886
62412
27743
59531
42605
51501
31463
24892
54144
25226
30230
64490
41644
21280
3818
26462
7928
35303
36409
54076
16113
39502
19219
56765
52799
63339
63956
9240
32930
60402
48805
64441
6814
24985
40729
8912
58932
38001
40026
1566
54976
44649
35337
24297
7946
5329
28635
55401
46496
18844
46399
30304
36525
33943
31117
6463
48299
14843
49155
38139
21618
19458
41041
57698
53720
37007
37328
23348
55774
4878
29727
26326
62384
16746
60148
63093
7030
14786
28592
4120
44660
12691
35069
60071
63686
28316
33438
11646
52967
18967
54544
19298
55742
55
61592
31017
10359
44149
2403
59694
57529
22381
48555
26675
33203
47299
23149
17833
45529
40860
12975
18915
24403
29271
63388
63365
37243
711
32863
11309
29513
62422
42634
34219
15596
1979
10917
32439
60049
4059
21258
42751
27067
36991
45352
30758
45505
61364
11666
17031
18737
44960
56614
21384
3469
32215
55498
33275
50910
2867
14360
38392
37308
44559
46669
50940
31306
52376
29125
44776
38473
16778
39399
22905
27933
11341
59303
28588
51107
31038
2511
13304
59501
33138
4824
2350
21587
17750
47548
26841
29941
23743
23786
30947
34677
58519
7628
14785
7007
40709
48972
36981
21697
37625
51595
8378
47858
43919
40000
3498
30762
56018
52911
47307
65094
52979
29544
35461
20537
22617
30275
43520
3786
45855
28530
26541
34735
17257
32346
31534
43340
16829
19844
13713
63514
57276
32132
29174
40646
42555
51781
35538
60523
2051
11424
30652
7706
14605
37823
43243
4012
25758
7884
20642
23693
65007
47743
51762 